{
    "pawn": [
        {
            "rotation": [
                [
                    -0.9541286652350781,
                    0.2993968773663621,
                    -0.0
                ],
                [
                    0.29939687736636217,
                    0.954128665235078,
                    -6.123233995730643e-17
                ],
                [
                    -1.8332771377071404e-17,
                    -5.842353079274374e-17,
                    -0.9999999999989999
                ]
            ],
            "translation": [
                0.00307499565055294,
                -0.00022891777361772818,
                0.0672
            ]
        },
        {
            "rotation": [
                [
                    -0.8640899132994451,
                    0.5033374829417709,
                    -0.0
                ],
                [
                    0.5033374829417709,
                    0.8640899132994452,
                    -6.123233995730643e-17
                ],
                [
                    -3.082053186877626e-17,
                    -5.2910247324883977e-17,
                    -0.9999999999989999
                ]
            ],
            "translation": [
                0.0021265406273496632,
                -0.0023490709382382674,
                0.0672
            ]
        },
        {
            "rotation": [
                [
                    -0.9577017275727153,
                    0.2877627512452516,
                    -0.0
                ],
                [
                    0.2877627512452516,
                    0.9577017275727153,
                    -6.123233995730643e-17
                ],
                [
                    -1.762038661131667e-17,
                    -5.864231776049081e-17,
                    -0.9999999999989999
                ]
            ],
            "translation": [
                0.003311622756113792,
                -0.0004324849195034132,
                0.0672
            ]
        },
        {
            "rotation": [
                [
                    -0.8669051033530562,
                    0.49847321069484474,
                    -0.0
                ],
                [
                    0.49847321069484474,
                    0.8669051033530562,
                    -6.123233995730643e-17
                ],
                [
                    -3.052268109690729e-17,
                    -5.3082627999291286e-17,
                    -0.9999999999989999
                ]
            ],
            "translation": [
                0.002363167732910515,
                -0.002552638084123952,
                0.0672
            ]
        },
        {
            "rotation": [
                [
                    0.8619925548942483,
                    -0.5069209359524288,
                    -0.0
                ],
                [
                    -0.5069209359524288,
                    -0.8619925548942483,
                    -6.123233995730643e-17
                ],
                [
                    3.103995508174612e-17,
                    5.2781821162004516e-17,
                    -0.9999999999989999
                ]
            ],
            "translation": [
                -0.0029759815819457693,
                0.0009632051083517915,
                0.0672
            ]
        },
        {
            "rotation": [
                [
                    -0.8213845550844409,
                    0.5703748001697965,
                    -0.0
                ],
                [
                    0.5703748001697965,
                    0.8213845550844409,
                    -6.123233995730643e-17
                ],
                [
                    -3.492538366711262e-17,
                    -5.029529831266167e-17,
                    -0.9999999999989999
                ]
            ],
            "translation": [
                0.0013395027057502822,
                -0.002809375091048667,
                0.0672
            ]
        },
        {
            "rotation": [
                [
                    0.9978059475379051,
                    0.06620642761834768,
                    -0.0
                ],
                [
                    0.06620642761834768,
                    -0.9978059475379051,
                    -6.123233995730643e-17
                ],
                [
                    -4.0539744832895204e-18,
                    6.109799299112436e-17,
                    -0.9999999999989999
                ]
            ],
            "translation": [
                -0.00321685211313783,
                -0.001629463880297728,
                0.0672
            ]
        },
        {
            "rotation": [
                [
                    0.9967763165403959,
                    0.08023075958858014,
                    -0.0
                ],
                [
                    0.08023075958858014,
                    -0.9967763165403959,
                    -6.123233995730643e-17
                ],
                [
                    -4.912717146165775e-18,
                    6.103494627585425e-17,
                    -0.9999999999989999
                ]
            ],
            "translation": [
                -0.003233623497428953,
                -0.0014915557561012444,
                0.0672
            ]
        }
    ],
    "rook": [
        {
            "rotation": [
                [
                    0.9865724889820476,
                    0.1624943126441271,
                    -0.016441482356035434
                ],
                [
                    0.16251628001951607,
                    -0.9867058623159276,
                    -6.122406316134322e-17
                ],
                [
                    -0.016222907026357414,
                    -0.0026720085505905844,
                    -0.9998648296630472
                ]
            ],
            "translation": [
                -0.017133977315624622,
                -0.00040027005096778933,
                0.09592190270774723
            ]
        },
        {
            "rotation": [
                [
                    0.9996819580433596,
                    -0.02521869866973139,
                    2.136512814271261e-15
                ],
                [
                    -0.02521869866973139,
                    -0.9996819580433596,
                    -6.123233995618931e-17
                ],
                [
                    2.137377513526752e-15,
                    7.332792635994372e-18,
                    -0.9999999999807561
                ]
            ],
            "translation": [
                0.0004065644869585064,
                -1.7064700774743936e-05,
                0.07487251209063876
            ]
        },
        {
            "rotation": [
                [
                    -0.9302397091438086,
                    -0.3669524267967747,
                    -0.0
                ],
                [
                    -0.36695242679677476,
                    0.9302397091438086,
                    -0.0
                ],
                [
                    0.0,
                    0.0,
                    -0.9999999999803237
                ]
            ],
            "translation": [
                0.00030831685092525245,
                -0.00016756773193289448,
                0.07650251751552514
            ]
        },
        {
            "rotation": [
                [
                    0.9177576891488572,
                    0.3971408113102322,
                    -0.0
                ],
                [
                    0.39714081131023216,
                    -0.9177576891488574,
                    -0.0
                ],
                [
                    -0.0,
                    0.0,
                    -0.9999999999803237
                ]
            ],
            "translation": [
                0.00047889636452830807,
                -0.0005578289194033167,
                0.07656815972403946
            ]
        },
        {
            "rotation": [
                [
                    0.998372331371652,
                    -0.05461103926361487,
                    -0.016441482356035434
                ],
                [
                    -0.054618422052466774,
                    -0.9985072999094692,
                    -6.122406316134322e-17
                ],
                [
                    -0.01641694015433337,
                    0.0008980078225174992,
                    -0.9998648296630472
                ]
            ],
            "translation": [
                -0.017133977315624622,
                -0.0014161381163701973,
                0.09567835116585657
            ]
        },
        {
            "rotation": [
                [
                    0.9884083840803226,
                    0.15181853075209728,
                    2.1417358032049955e-15
                ],
                [
                    0.15181853075209728,
                    -0.9884083840803226,
                    1.0708679016024977e-15
                ],
                [
                    2.2794872158676673e-15,
                    -7.332996292988114e-16,
                    -0.999999999980709
                ]
            ],
            "translation": [
                0.000374530739125376,
                -0.00030223326594747135,
                0.0784399880353661
            ]
        },
        {
            "rotation": [
                [
                    -0.9999545268891498,
                    0.009536458809118893,
                    -1.0357545933604121e-05
                ],
                [
                    0.009536458747512183,
                    0.9999545269254909,
                    5.981192428803948e-06
                ],
                [
                    1.0414114339442618e-05,
                    5.8821461358957426e-06,
                    -0.9999999999217742
                ]
            ],
            "translation": [
                -0.007628535433532593,
                -0.01430757650159089,
                0.11063004713695103
            ]
        },
        {
            "rotation": [
                [
                    -0.9964016423070597,
                    0.08475249338857826,
                    0.0008843484681841891
                ],
                [
                    0.08475400734529831,
                    0.9964001995749711,
                    0.001844051482750587
                ],
                [
                    -0.0007248770290973715,
                    0.0019123680024925155,
                    -0.9999979086920905
                ]
            ],
            "translation": [
                0.00993418210326148,
                0.016113333656821455,
                0.10636182280567222
            ]
        }
    ],
    "knight": [
        {
            "rotation": [
                [
                    0.9992960860496954,
                    -0.032829687315855456,
                    -0.018153347804046524
                ],
                [
                    -0.03280562935345222,
                    -0.9994604350645989,
                    0.0016215496312223874
                ],
                [
                    -0.018196787861696852,
                    -0.0010248762002446953,
                    -0.9998338994630706
                ]
            ],
            "translation": [
                -0.00040218882700137314,
                0.009116396889069421,
                0.10602556178612478
            ]
        },
        {
            "rotation": [
                [
                    -0.9995800624222391,
                    0.01230855647765968,
                    0.02623353284216268
                ],
                [
                    0.012331405637730455,
                    0.9999237136931027,
                    0.0007093864896332271
                ],
                [
                    -0.026222800059307994,
                    0.0010325849263826037,
                    -0.9996555899476666
                ]
            ],
            "translation": [
                -0.0004317494962945414,
                0.0002672668547423385,
                0.10631511436195865
            ]
        },
        {
            "rotation": [
                [
                    0.9967035019462179,
                    -0.08112931084494397,
                    -0.00040512957162411496
                ],
                [
                    -0.08112975854368407,
                    -0.9967027653310377,
                    -0.0012489435959673314
                ],
                [
                    -0.0003024678311314585,
                    0.0012776945201644584,
                    -0.9999991380000935
                ]
            ],
            "translation": [
                -0.00041183048855910915,
                0.016701486910203036,
                0.10907379691918719
            ]
        },
        {
            "rotation": [
                [
                    -0.9870142234404374,
                    0.16063237094776506,
                    -0.00040512957162411496
                ],
                [
                    0.16063275826143752,
                    0.9870134533597892,
                    -0.0012489435959673314
                ],
                [
                    0.0001992475665475258,
                    -0.0012978021740436957,
                    -0.9999991380000935
                ]
            ],
            "translation": [
                -0.0004185157471244469,
                0.017898918447578457,
                0.10901142566360691
            ]
        },
        {
            "rotation": [
                [
                    -0.9954897224421919,
                    0.09486858480022689,
                    -0.00040512957162411496
                ],
                [
                    0.09486902229664787,
                    0.9954889797222128,
                    -0.0012489435959673314
                ],
                [
                    0.0002848165124679411,
                    -0.0012817447600646755,
                    -0.9999991380000935
                ]
            ],
            "translation": [
                -0.00037746318070523265,
                0.016903050455186138,
                0.10937937984789763
            ]
        },
        {
            "rotation": [
                [
                    -0.9851942544335491,
                    0.17144129287063115,
                    -0.00040512957162411496
                ],
                [
                    0.171441671720254,
                    0.9851934801538522,
                    -0.0012489435959673314
                ],
                [
                    0.0001850105077672987,
                    -0.0012999081458869852,
                    -0.9999991380000935
                ]
            ],
            "translation": [
                -0.00044356509867262296,
                0.015760268552847574,
                0.10997252487306036
            ]
        },
        {
            "rotation": [
                [
                    0.9995479352405944,
                    -0.021666534381660274,
                    0.02084433841952871
                ],
                [
                    -0.02166693064444904,
                    -0.9997652231032791,
                    -0.00020685671132468375
                ],
                [
                    0.02084392651860411,
                    -0.00024486963617146554,
                    -0.9997827117704363
                ]
            ],
            "translation": [
                -0.0005320743192271556,
                0.01582607836727086,
                0.10798127691711108
            ]
        },
        {
            "rotation": [
                [
                    0.998349656418942,
                    0.056980870448566506,
                    0.00715149852154759
                ],
                [
                    0.05712900650105132,
                    -0.9981114835756876,
                    -0.022577488136170575
                ],
                [
                    0.0058515078726124195,
                    0.022948785529166238,
                    -0.9997195172100527
                ]
            ],
            "translation": [
                -0.0004027699756804547,
                0.005466623815115947,
                0.1118792717652703
            ]
        }
    ],
    "bishop": [
        {
            "rotation": [
                [
                    -0.08652564297706186,
                    -0.9961210622533012,
                    -0.01600445071704305
                ],
                [
                    -0.996249622435042,
                    0.08651534627778948,
                    0.0013359103527341694
                ],
                [
                    5.390215613074719e-05,
                    0.01606001848657141,
                    -0.9998710281206257
                ]
            ],
            "translation": [
                8.487182683019332e-05,
                -5.7522927186283435e-06,
                0.0731489448981743
            ]
        },
        {
            "rotation": [
                [
                    -0.7329850795673977,
                    -0.6802447156219413,
                    -0.0
                ],
                [
                    -0.6802447156219413,
                    0.7329850795673977,
                    -0.0
                ],
                [
                    0.0,
                    0.0,
                    -0.9999999999870112
                ]
            ],
            "translation": [
                -5.893000350808402e-05,
                3.91686946650191e-05,
                0.07277001412541098
            ]
        },
        {
            "rotation": [
                [
                    -0.7078076862683137,
                    -0.7064051806573168,
                    -0.0
                ],
                [
                    -0.7064051806573168,
                    0.7078076862683137,
                    -0.0
                ],
                [
                    0.0,
                    0.0,
                    -0.9999999999870112
                ]
            ],
            "translation": [
                -0.0003628946164534281,
                0.00038809789196767204,
                0.07194467734674723
            ]
        },
        {
            "rotation": [
                [
                    0.9966998329815668,
                    0.08117002566795456,
                    -0.0009326669183311166
                ],
                [
                    0.08117453118432769,
                    -0.996570916160894,
                    0.01603448001134665
                ],
                [
                    0.000372050428823909,
                    -0.016057272349309114,
                    -0.9998710044587776
                ]
            ],
            "translation": [
                -1.5789807452257394e-05,
                0.0004884180019677898,
                0.07321439017997916
            ]
        },
        {
            "rotation": [
                [
                    -0.9969001446185218,
                    -0.07867167083512173,
                    0.0009326669183311166
                ],
                [
                    -0.07867649945076594,
                    0.9967712394952679,
                    -0.01603448001134665
                ],
                [
                    0.0003318037732481408,
                    -0.016058154410689092,
                    -0.9998710044587776
                ]
            ],
            "translation": [
                2.1481864655891435e-05,
                -0.0007043511701967277,
                0.07537213754393729
            ]
        },
        {
            "rotation": [
                [
                    -0.07232838970853492,
                    -0.9973808721056215,
                    -0.0
                ],
                [
                    -0.9973808721056215,
                    0.07232838970853492,
                    -0.0
                ],
                [
                    0.0,
                    0.0,
                    -0.9999999999870418
                ]
            ],
            "translation": [
                -9.2994107772919e-05,
                4.0079422619286945e-05,
                0.07228932024587041
            ]
        },
        {
            "rotation": [
                [
                    0.7885563463288974,
                    -0.6149212854404981,
                    0.007120489914620069
                ],
                [
                    -0.614962503514315,
                    -0.7885017992297426,
                    0.0092753373449405
                ],
                [
                    -8.90832539710593e-05,
                    -0.011692960431988584,
                    -0.9999316310201722
                ]
            ],
            "translation": [
                -9.529525728784599e-07,
                -6.042789255620738e-05,
                0.07298072891872329
            ]
        },
        {
            "rotation": [
                [
                    0.9918501883688129,
                    0.12740959081933592,
                    -0.0
                ],
                [
                    0.12740959081933595,
                    -0.9918501883688128,
                    -0.0
                ],
                [
                    -0.0,
                    0.0,
                    -0.9999999999871749
                ]
            ],
            "translation": [
                4.352256690534715e-05,
                -9.087998510312937e-05,
                0.07368550113633338
            ]
        }
    ],
    "queen": [
        {
            "rotation": [
                [
                    0.8851098265415963,
                    0.46538220309709455,
                    -0.0
                ],
                [
                    0.46538220309709455,
                    -0.8851098265415963,
                    -6.123233995730643e-17
                ],
                [
                    -2.8496441270150017e-17,
                    5.419734579840175e-17,
                    -0.9999999999989999
                ]
            ],
            "translation": [
                -0.003935436061595208,
                0.006887273974877321,
                0.1156
            ]
        },
        {
            "rotation": [
                [
                    0.8581174779922203,
                    0.5134533999929024,
                    -0.0
                ],
                [
                    0.5134533999929024,
                    -0.8581174779922203,
                    -6.123233995730643e-17
                ],
                [
                    -3.143995314063168e-17,
                    5.2544541135778594e-17,
                    -0.9999999999989999
                ]
            ],
            "translation": [
                -0.003529123208152859,
                0.006180011820714322,
                0.1156
            ]
        },
        {
            "rotation": [
                [
                    -0.3813527046596694,
                    -0.924429615843605,
                    -0.0
                ],
                [
                    -0.924429615843605,
                    0.3813527046596694,
                    -6.123233995730643e-17
                ],
                [
                    5.660498850399442e-17,
                    -2.3351118455382505e-17,
                    -0.9999999999989999
                ]
            ],
            "translation": [
                -0.01021845131432577,
                0.0038617426622822686,
                0.1156
            ]
        },
        {
            "rotation": [
                [
                    -0.9950048790871135,
                    -0.09982630210940673,
                    -0.0
                ],
                [
                    -0.09982630210940673,
                    0.9950048790871135,
                    -6.123233995730643e-17
                ],
                [
                    6.112598067450081e-18,
                    -6.092647701550164e-17,
                    -0.9999999999989999
                ]
            ],
            "translation": [
                -0.0019091500768274325,
                0.008449291245683352,
                0.1156
            ]
        },
        {
            "rotation": [
                [
                    0.7180613597579879,
                    0.6959798011598537,
                    -0.0
                ],
                [
                    0.6959798011598537,
                    -0.7180613597579879,
                    -6.123233995730643e-17
                ],
                [
                    -4.2616471788081306e-17,
                    4.3968577290950806e-17,
                    -0.9999999999989999
                ]
            ],
            "translation": [
                -0.005523977302020479,
                0.006844691346869424,
                0.1156
            ]
        },
        {
            "rotation": [
                [
                    -0.9850379975673412,
                    -0.17233729529188566,
                    -0.0
                ],
                [
                    -0.17233729529188563,
                    0.9850379975673413,
                    -6.123233995730643e-17
                ],
                [
                    1.0552615852645999e-17,
                    -6.031618153796815e-17,
                    -0.9999999999989999
                ]
            ],
            "translation": [
                -0.0016005296571202842,
                0.0074067600727945335,
                0.1156
            ]
        },
        {
            "rotation": [
                [
                    0.957886765441227,
                    0.2871462076931262,
                    -0.0
                ],
                [
                    0.28714620769312627,
                    -0.9578867654412269,
                    -6.123233995730643e-17
                ],
                [
                    -1.7582634206934408e-17,
                    5.86536480621605e-17,
                    -0.9999999999989999
                ]
            ],
            "translation": [
                0.0012471451290000189,
                -0.010564062934216436,
                0.1156
            ]
        },
        {
            "rotation": [
                [
                    0.8443153032017522,
                    0.535846684023829,
                    -0.0
                ],
                [
                    0.535846684023829,
                    -0.8443153032017522,
                    -6.123233995730643e-17
                ],
                [
                    -3.281114632117527e-17,
                    5.1699401676857644e-17,
                    -0.9999999999989999
                ]
            ],
            "translation": [
                -0.004973496957424344,
                0.007654356743335864,
                0.1156
            ]
        }
    ],
    "king": [
        {
            "rotation": [
                [
                    0.08724801581719357,
                    -0.9961866209380463,
                    -0.0
                ],
                [
                    -0.9961866209380463,
                    -0.08724801581719357,
                    -6.123233995730643e-17
                ],
                [
                    6.099883783425981e-17,
                    5.3424001651241884e-18,
                    -0.9999999999989999
                ]
            ],
            "translation": [
                0.010875796248852685,
                0.0019738157860631315,
                0.1156
            ]
        },
        {
            "rotation": [
                [
                    0.9307960440977521,
                    -0.1956523168538417,
                    0.30876997130533823
                ],
                [
                    -0.20570366794782027,
                    -0.9786143269913908,
                    -5.824032841607066e-17
                ],
                [
                    0.3021667176986714,
                    -0.06351511565691292,
                    -0.9511367433715514
                ]
            ],
            "translation": [
                -0.0003635207209418019,
                0.0010185178503007248,
                0.16435304036119538
            ]
        },
        {
            "rotation": [
                [
                    -0.25799848872320374,
                    0.9661453202373559,
                    -0.0
                ],
                [
                    0.9661453202373559,
                    0.25799848872320374,
                    -6.123233995730643e-17
                ],
                [
                    -5.915933869699362e-17,
                    -1.5797851169986298e-17,
                    -0.9999999999989999
                ]
            ],
            "translation": [
                -0.007466656288185785,
                -0.0015424461753172497,
                0.1156
            ]
        },
        {
            "rotation": [
                [
                    -0.36348139090963144,
                    0.9316014590276251,
                    -0.0
                ],
                [
                    0.931601459027625,
                    0.36348139090963144,
                    -6.123233995730643e-17
                ],
                [
                    -5.704413724395926e-17,
                    -2.22568160963554e-17,
                    -0.9999999999989999
                ]
            ],
            "translation": [
                -0.008923320395458048,
                -0.0022954233490919823,
                0.1156
            ]
        },
        {
            "rotation": [
                [
                    0.5216276391208071,
                    -0.8531732567921084,
                    -0.0
                ],
                [
                    -0.8531732567921084,
                    -0.5216276391208071,
                    -6.123233995730643e-17
                ],
                [
                    5.224179490242892e-17,
                    3.1940480929804354e-17,
                    -0.9999999999989999
                ]
            ],
            "translation": [
                -0.008582042420748342,
                -0.0037459875372574114,
                0.1156
            ]
        },
        {
            "rotation": [
                [
                    0.6483235058270372,
                    -0.7613649793575612,
                    -0.0
                ],
                [
                    -0.7613649793575612,
                    -0.6483235058270373,
                    -6.123233995730643e-17
                ],
                [
                    4.662015924765639e-17,
                    3.969836531115358e-17,
                    -0.9999999999989999
                ]
            ],
            "translation": [
                -0.009792382237056472,
                -0.0068415232777188,
                0.1156
            ]
        },
        {
            "rotation": [
                [
                    0.16266028810052463,
                    -0.9866821325406954,
                    -0.0
                ],
                [
                    -0.9866821325406954,
                    -0.16266028810052463,
                    -6.123233995730643e-17
                ],
                [
                    6.041685576959235e-17,
                    9.960070058534691e-18,
                    -0.9999999999989999
                ]
            ],
            "translation": [
                0.009870472421367262,
                0.0011686720559146383,
                0.1156
            ]
        },
        {
            "rotation": [
                [
                    -0.6168748295590322,
                    0.7870612712213166,
                    -0.0
                ],
                [
                    0.7870612712213167,
                    0.6168748295590322,
                    -6.123233995730643e-17
                ],
                [
                    -4.819360332670162e-17,
                    -3.7772689274701887e-17,
                    -0.9999999999989999
                ]
            ],
            "translation": [
                0.007495052264097995,
                0.007854238840043928,
                0.1156
            ]
        }
    ]
}