{
    "pawn": [
        {
            "rotation": [
                [
                    0.567289872914032,
                    -0.8235181844313952,
                    0.0
                ],
                [
                    0.8235181844313954,
                    0.5672898729140319,
                    0.0
                ],
                [
                    -0.0,
                    0.0,
                    1.0
                ]
            ],
            "translation": [
                -0.0018277296299596547,
                0.00805,
                -0.00027387354466606605
            ]
        },
        {
            "rotation": [
                [
                    0.5448245827197639,
                    -0.838550042671417,
                    0.0
                ],
                [
                    0.838550042671417,
                    0.5448245827197639,
                    0.0
                ],
                [
                    -0.0,
                    0.0,
                    1.0
                ]
            ],
            "translation": [
                -0.00196480735081345,
                0.00805,
                -3.624504584530291e-05
            ]
        },
        {
            "rotation": [
                [
                    -0.5259545661205335,
                    -0.8505126656181914,
                    0.0
                ],
                [
                    0.8505126656181914,
                    -0.5259545661205335,
                    0.0
                ],
                [
                    0.0,
                    0.0,
                    1.0
                ]
            ],
            "translation": [
                0.0021622508577721976,
                0.0084,
                0.000676404639803009
            ]
        },
        {
            "rotation": [
                [
                    -0.4863626973424631,
                    0.8737570180741118,
                    0.0
                ],
                [
                    -0.8737570180741118,
                    -0.4863626973424631,
                    0.0
                ],
                [
                    0.0,
                    0.0,
                    1.0
                ]
            ],
            "translation": [
                -0.0025193471031664497,
                0.0084,
                -4.930756157633888e-05
            ]
        },
        {
            "rotation": [
                [
                    0.5737821508709652,
                    -0.8190079629294755,
                    0.0
                ],
                [
                    0.8190079629294755,
                    0.5737821508709652,
                    0.0
                ],
                [
                    -0.0,
                    0.0,
                    1.0
                ]
            ],
            "translation": [
                -0.0017333794817539676,
                0.00805,
                -0.00023547874661324663
            ]
        },
        {
            "rotation": [
                [
                    -0.45549901222359573,
                    0.8902362887814271,
                    0.0
                ],
                [
                    -0.8902362887814272,
                    -0.4554990122235957,
                    0.0
                ],
                [
                    0.0,
                    0.0,
                    1.0
                ]
            ],
            "translation": [
                -0.0025279750097053693,
                0.0084,
                0.00163130185861477
            ]
        },
        {
            "rotation": [
                [
                    0.4691352568842055,
                    0.8831263277403696,
                    0.0
                ],
                [
                    -0.8831263277403696,
                    0.4691352568842055,
                    0.0
                ],
                [
                    0.0,
                    -0.0,
                    1.0
                ]
            ],
            "translation": [
                0.0024789667799451276,
                0.0084,
                -0.00012029527666921801
            ]
        },
        {
            "rotation": [
                [
                    -0.49254492914680487,
                    -0.8702870174670935,
                    0.0
                ],
                [
                    0.8702870174670935,
                    -0.49254492914680487,
                    0.0
                ],
                [
                    0.0,
                    0.0,
                    1.0
                ]
            ],
            "translation": [
                0.0027707481544487723,
                0.0084,
                -5.943922030604424e-05
            ]
        }
    ],
    "rook": [
        {
            "rotation": [
                [
                    -0.37172013065471116,
                    0.9283448413526325,
                    0.0
                ],
                [
                    -0.9283448413526325,
                    -0.37172013065471116,
                    0.0
                ],
                [
                    0.0,
                    0.0,
                    1.0
                ]
            ],
            "translation": [
                -0.0019958353931117715,
                0.0139,
                0.0021202311444461826
            ]
        },
        {
            "rotation": [
                [
                    0.37565212723353136,
                    0.9267607454488579,
                    0.0
                ],
                [
                    -0.9267607454488579,
                    0.37565212723353136,
                    0.0
                ],
                [
                    0.0,
                    -0.0,
                    1.0
                ]
            ],
            "translation": [
                0.0007702853135942126,
                0.0139,
                0.0015424338905373628
            ]
        },
        {
            "rotation": [
                [
                    0.32485322639361247,
                    0.94576444281949,
                    0.0
                ],
                [
                    -0.94576444281949,
                    0.32485322639361247,
                    0.0
                ],
                [
                    0.0,
                    -0.0,
                    1.0
                ]
            ],
            "translation": [
                0.0005784770193171212,
                0.0139,
                0.0031613055162995948
            ]
        },
        {
            "rotation": [
                [
                    0.3689257660800984,
                    -0.9294588635987138,
                    0.0
                ],
                [
                    0.9294588635987139,
                    0.36892576608009836,
                    0.0
                ],
                [
                    -0.0,
                    0.0,
                    1.0
                ]
            ],
            "translation": [
                -0.002388787646402791,
                0.0139,
                0.002710959059386784
            ]
        },
        {
            "rotation": [
                [
                    0.3372829906831312,
                    0.9414033058131052,
                    0.0
                ],
                [
                    -0.9414033058131052,
                    0.3372829906831312,
                    0.0
                ],
                [
                    0.0,
                    -0.0,
                    1.0
                ]
            ],
            "translation": [
                0.0007841227235488519,
                0.0139,
                0.0031450629674643227
            ]
        },
        {
            "rotation": [
                [
                    0.31034138975421016,
                    0.9506251741908719,
                    0.0
                ],
                [
                    -0.9506251741908719,
                    0.31034138975421016,
                    0.0
                ],
                [
                    0.0,
                    -0.0,
                    1.0
                ]
            ],
            "translation": [
                0.00034187312747754276,
                0.0139,
                0.0031767089414799264
            ]
        },
        {
            "rotation": [
                [
                    0.2643499097579366,
                    -0.9644268376662746,
                    0.0
                ],
                [
                    0.9644268376662746,
                    0.2643499097579366,
                    0.0
                ],
                [
                    -0.0,
                    0.0,
                    1.0
                ]
            ],
            "translation": [
                -0.0032848951078218516,
                0.0139,
                0.004115359033980741
            ]
        },
        {
            "rotation": [
                [
                    -0.3688873323221889,
                    0.9294741180109423,
                    0.0
                ],
                [
                    -0.9294741180109423,
                    -0.3688873323221889,
                    0.0
                ],
                [
                    0.0,
                    0.0,
                    1.0
                ]
            ],
            "translation": [
                -0.0021144879437240706,
                0.0139,
                -0.0011057521626351855
            ]
        }
    ],
    "knight": [
        {
            "rotation": [
                [
                    0.8254116283871121,
                    0.5645313487516314,
                    0.0
                ],
                [
                    -0.5645313487516315,
                    0.825411628387112,
                    0.0
                ],
                [
                    0.0,
                    -0.0,
                    1.0
                ]
            ],
            "translation": [
                0.001272841126609742,
                0.0046,
                0.0011394402772437137
            ]
        },
        {
            "rotation": [
                [
                    0.8070652005779403,
                    0.5904623290406333,
                    0.0
                ],
                [
                    -0.5904623290406333,
                    0.8070652005779403,
                    0.0
                ],
                [
                    0.0,
                    -0.0,
                    1.0
                ]
            ],
            "translation": [
                0.00120727687345906,
                0.0046,
                0.0030313615634512876
            ]
        },
        {
            "rotation": [
                [
                    0.8237379276668031,
                    0.5669707457384382,
                    0.0
                ],
                [
                    -0.5669707457384382,
                    0.8237379276668031,
                    0.0
                ],
                [
                    0.0,
                    -0.0,
                    1.0
                ]
            ],
            "translation": [
                0.0012303243233551166,
                0.0046,
                0.0010814956533719369
            ]
        },
        {
            "rotation": [
                [
                    0.8135887041518528,
                    -0.581440814250693,
                    0.0
                ],
                [
                    0.581440814250693,
                    0.8135887041518528,
                    0.0
                ],
                [
                    -0.0,
                    0.0,
                    1.0
                ]
            ],
            "translation": [
                -0.0011297589529121205,
                0.0046,
                0.002121096108186979
            ]
        },
        {
            "rotation": [
                [
                    -0.7864532679093128,
                    -0.617649785391983,
                    0.0
                ],
                [
                    0.617649785391983,
                    -0.7864532679093128,
                    0.0
                ],
                [
                    0.0,
                    0.0,
                    1.0
                ]
            ],
            "translation": [
                0.0013724739196726379,
                0.0046,
                0.0035833640827039968
            ]
        },
        {
            "rotation": [
                [
                    0.8129044422430705,
                    -0.5823970877172057,
                    0.0
                ],
                [
                    0.5823970877172057,
                    0.8129044422430705,
                    0.0
                ],
                [
                    -0.0,
                    0.0,
                    1.0
                ]
            ],
            "translation": [
                -0.0011457321862847975,
                0.0046,
                0.002145136202167436
            ]
        },
        {
            "rotation": [
                [
                    0.8020675919822152,
                    0.5972332692439787,
                    0.0
                ],
                [
                    -0.5972332692439787,
                    0.8020675919822152,
                    0.0
                ],
                [
                    0.0,
                    -0.0,
                    1.0
                ]
            ],
            "translation": [
                0.0012108996867319284,
                0.0046,
                0.00027682239493534736
            ]
        },
        {
            "rotation": [
                [
                    0.7962236440200621,
                    -0.6050024038823428,
                    0.0
                ],
                [
                    0.6050024038823429,
                    0.796223644020062,
                    0.0
                ],
                [
                    -0.0,
                    0.0,
                    1.0
                ]
            ],
            "translation": [
                -0.00039708230783347615,
                0.0046,
                -0.000530377446427229
            ]
        }
    ],
    "bishop": [
        {
            "rotation": [
                [
                    -0.41684382578703244,
                    0.9089781212456272,
                    0.0
                ],
                [
                    -0.9089781212456273,
                    -0.4168438257870324,
                    0.0
                ],
                [
                    0.0,
                    0.0,
                    1.0
                ]
            ],
            "translation": [
                -0.0027754558148476694,
                0.01195,
                0.0012934204397489599
            ]
        },
        {
            "rotation": [
                [
                    -0.38424775534231953,
                    0.9232300160384675,
                    0.0
                ],
                [
                    -0.9232300160384675,
                    -0.38424775534231953,
                    0.0
                ],
                [
                    0.0,
                    0.0,
                    1.0
                ]
            ],
            "translation": [
                -0.002919838496948513,
                0.01195,
                0.002392553006196379
            ]
        },
        {
            "rotation": [
                [
                    0.40381238572072836,
                    -0.9148418208294447,
                    0.0
                ],
                [
                    0.9148418208294447,
                    0.40381238572072836,
                    0.0
                ],
                [
                    -0.0,
                    0.0,
                    1.0
                ]
            ],
            "translation": [
                -0.0026444103050585616,
                0.01195,
                0.0016827293460343214
            ]
        },
        {
            "rotation": [
                [
                    0.33851989988969344,
                    0.9409592325806001,
                    0.0
                ],
                [
                    -0.9409592325806001,
                    0.33851989988969344,
                    0.0
                ],
                [
                    0.0,
                    -0.0,
                    1.0
                ]
            ],
            "translation": [
                0.004047559679784432,
                0.01195,
                0.002749347719319266
            ]
        },
        {
            "rotation": [
                [
                    0.4113766833393046,
                    -0.9114654268839567,
                    0.0
                ],
                [
                    0.9114654268839568,
                    0.41137668333930455,
                    0.0
                ],
                [
                    -0.0,
                    0.0,
                    1.0
                ]
            ],
            "translation": [
                -0.0028009441501802156,
                0.01195,
                -0.001979143249795947
            ]
        },
        {
            "rotation": [
                [
                    -0.3802863980083917,
                    0.9248687774434831,
                    0.0
                ],
                [
                    -0.9248687774434832,
                    -0.38028639800839165,
                    0.0
                ],
                [
                    0.0,
                    0.0,
                    1.0
                ]
            ],
            "translation": [
                -0.0031763704677123463,
                0.01195,
                0.002662596897148626
            ]
        },
        {
            "rotation": [
                [
                    -0.3141298869738019,
                    0.9493800156469623,
                    0.0
                ],
                [
                    -0.9493800156469624,
                    -0.31412988697380184,
                    0.0
                ],
                [
                    0.0,
                    0.0,
                    1.0
                ]
            ],
            "translation": [
                -0.0019002597274472028,
                0.01195,
                0.002424583804882102
            ]
        },
        {
            "rotation": [
                [
                    -0.3116337227955642,
                    0.9502023062572399,
                    0.0
                ],
                [
                    -0.9502023062572399,
                    -0.3116337227955642,
                    0.0
                ],
                [
                    0.0,
                    0.0,
                    1.0
                ]
            ],
            "translation": [
                -0.004170767071465268,
                0.01195,
                0.002730073051830942
            ]
        }
    ],
    "queen": [
        {
            "rotation": [
                [
                    -0.3279593831003533,
                    -0.9446918243726024,
                    0.0
                ],
                [
                    0.9446918243726024,
                    -0.3279593831003533,
                    0.0
                ],
                [
                    0.0,
                    0.0,
                    1.0
                ]
            ],
            "translation": [
                0.002664670749424337,
                0.01415,
                0.003975935952754677
            ]
        },
        {
            "rotation": [
                [
                    -0.3139272626769025,
                    -0.9494470357782929,
                    0.0
                ],
                [
                    0.9494470357782929,
                    -0.3139272626769025,
                    0.0
                ],
                [
                    0.0,
                    0.0,
                    1.0
                ]
            ],
            "translation": [
                0.0028984000668613973,
                0.01415,
                0.004045956987488022
            ]
        },
        {
            "rotation": [
                [
                    0.32187442680203515,
                    0.9467823685361179,
                    0.0
                ],
                [
                    -0.9467823685361179,
                    0.32187442680203515,
                    0.0
                ],
                [
                    0.0,
                    -0.0,
                    1.0
                ]
            ],
            "translation": [
                0.002766459237981816,
                0.01415,
                0.003980111888135016
            ]
        },
        {
            "rotation": [
                [
                    -0.3087769341017106,
                    -0.95113448311306,
                    0.0
                ],
                [
                    0.95113448311306,
                    -0.3087769341017106,
                    0.0
                ],
                [
                    0.0,
                    0.0,
                    1.0
                ]
            ],
            "translation": [
                0.002983321831665966,
                0.01415,
                0.0039802445550303645
            ]
        },
        {
            "rotation": [
                [
                    -0.3254900667378488,
                    0.9455454597506091,
                    0.0
                ],
                [
                    -0.9455454597506091,
                    -0.3254900667378488,
                    0.0
                ],
                [
                    0.0,
                    0.0,
                    1.0
                ]
            ],
            "translation": [
                -0.00034818102278117314,
                0.01415,
                0.0025919063681879087
            ]
        },
        {
            "rotation": [
                [
                    0.30432546187089665,
                    0.9525681147598136,
                    0.0
                ],
                [
                    -0.9525681147598136,
                    0.30432546187089665,
                    0.0
                ],
                [
                    0.0,
                    -0.0,
                    1.0
                ]
            ],
            "translation": [
                0.002740440001532202,
                0.01415,
                0.004123173523241864
            ]
        },
        {
            "rotation": [
                [
                    -0.3309218083973546,
                    -0.9436581779050212,
                    0.0
                ],
                [
                    0.9436581779050212,
                    -0.3309218083973546,
                    0.0
                ],
                [
                    0.0,
                    0.0,
                    1.0
                ]
            ],
            "translation": [
                0.0005160879678807718,
                0.01415,
                4.877431894055824e-05
            ]
        },
        {
            "rotation": [
                [
                    0.2520824261013925,
                    -0.9677057664656319,
                    0.0
                ],
                [
                    0.9677057664656319,
                    0.2520824261013925,
                    0.0
                ],
                [
                    -0.0,
                    0.0,
                    1.0
                ]
            ],
            "translation": [
                -0.0020273732488873264,
                0.01415,
                0.003629760647098881
            ]
        }
    ],
    "king": [
        {
            "rotation": [
                [
                    -0.27224811624906314,
                    0.9622270850474105,
                    0.0
                ],
                [
                    -0.9622270850474105,
                    -0.27224811624906314,
                    0.0
                ],
                [
                    0.0,
                    0.0,
                    1.0
                ]
            ],
            "translation": [
                -0.003161095489795839,
                0.01415,
                0.005166165909706235
            ]
        },
        {
            "rotation": [
                [
                    -0.28022371892252,
                    0.9599347203603131,
                    0.0
                ],
                [
                    -0.9599347203603131,
                    -0.28022371892252,
                    0.0
                ],
                [
                    0.0,
                    0.0,
                    1.0
                ]
            ],
            "translation": [
                -0.00038958277179021146,
                0.01415,
                0.003439109738749466
            ]
        },
        {
            "rotation": [
                [
                    0.25890588393552433,
                    -0.9659025537100338,
                    0.0
                ],
                [
                    0.9659025537100339,
                    0.2589058839355243,
                    0.0
                ],
                [
                    -0.0,
                    0.0,
                    1.0
                ]
            ],
            "translation": [
                -0.002254064085611617,
                0.01415,
                0.00411880198188015
            ]
        },
        {
            "rotation": [
                [
                    -0.3415789433773358,
                    -0.9398530871584254,
                    0.0
                ],
                [
                    0.9398530871584255,
                    -0.34157894337733574,
                    0.0
                ],
                [
                    0.0,
                    0.0,
                    1.0
                ]
            ],
            "translation": [
                0.0024051851424249106,
                0.0134,
                0.005595091694560827
            ]
        },
        {
            "rotation": [
                [
                    -0.25181776947801665,
                    0.9677746695254615,
                    0.0
                ],
                [
                    -0.9677746695254617,
                    -0.2518177694780166,
                    0.0
                ],
                [
                    0.0,
                    0.0,
                    1.0
                ]
            ],
            "translation": [
                5.9208022575694616e-05,
                0.01415,
                0.003514265909158479
            ]
        },
        {
            "rotation": [
                [
                    -0.2858852781317509,
                    -0.9582638507986887,
                    0.0
                ],
                [
                    0.9582638507986887,
                    -0.2858852781317509,
                    0.0
                ],
                [
                    0.0,
                    0.0,
                    1.0
                ]
            ],
            "translation": [
                -0.00024451945920400675,
                0.01415,
                0.0003870158412462204
            ]
        },
        {
            "rotation": [
                [
                    0.08489045884844493,
                    0.9963902899950905,
                    0.0
                ],
                [
                    -0.9963902899950905,
                    0.08489045884844493,
                    0.0
                ],
                [
                    0.0,
                    -0.0,
                    1.0
                ]
            ],
            "translation": [
                0.0024416239449077375,
                0.01415,
                0.0043526833738814635
            ]
        },
        {
            "rotation": [
                [
                    0.10502619947204947,
                    -0.9944694552496106,
                    0.0
                ],
                [
                    0.9944694552496106,
                    0.10502619947204947,
                    0.0
                ],
                [
                    -0.0,
                    0.0,
                    1.0
                ]
            ],
            "translation": [
                -0.00025831322812253034,
                0.01415,
                0.004348081843657715
            ]
        }
    ]
}