{
    "pawn": [
        {
            "rotation": [
                [
                    0.3042988992599026,
                    -0.8744617043704163,
                    0.37778152551811006
                ],
                [
                    0.798790696512483,
                    0.45031386129744333,
                    0.39893711312668007
                ],
                [
                    -0.5189755303232646,
                    0.18037225911565888,
                    0.8355418155552086
                ]
            ],
            "translation": [
                -0.0015020165278588704,
                0.012552689389255814,
                0.001451588467902143
            ]
        },
        {
            "rotation": [
                [
                    0.3137560451455051,
                    0.8753021473285731,
                    -0.3679718331096423
                ],
                [
                    -0.7898041321821734,
                    0.4556996312400711,
                    0.410545062359709
                ],
                [
                    0.527035648625988,
                    0.16181469309799973,
                    0.8342956969351918
                ]
            ],
            "translation": [
                0.0017417192411597177,
                0.012552846451434157,
                0.0011488055930726207
            ]
        },
        {
            "rotation": [
                [
                    0.5107242807362523,
                    -0.8589864104338449,
                    -0.036097833408798706
                ],
                [
                    0.7996329357997566,
                    0.4591726786190953,
                    0.386972351838332
                ],
                [
                    -0.3158288698816181,
                    -0.2265012049551679,
                    0.9213844126379301
                ]
            ],
            "translation": [
                -0.0021357691937470887,
                0.012681788135332068,
                0.0002947433719946133
            ]
        },
        {
            "rotation": [
                [
                    0.5264148602348394,
                    0.8251649131095942,
                    0.2049152395571416
                ],
                [
                    -0.8460934064256043,
                    0.48467369012047296,
                    0.22184984874989178
                ],
                [
                    0.08374568960281913,
                    -0.29016250318826836,
                    0.9533059842360194
                ]
            ],
            "translation": [
                0.0020886023461052774,
                0.012596945481179473,
                -0.00024399896928777937
            ]
        },
        {
            "rotation": [
                [
                    -0.5320623528815954,
                    -0.7066699917385769,
                    0.4663980667301732
                ],
                [
                    0.844338869038703,
                    -0.48397773344346634,
                    0.2299074198095421
                ],
                [
                    0.06325760726224534,
                    0.5161231193107823,
                    0.854175241157711
                ]
            ],
            "translation": [
                0.0018870847508679648,
                0.012631054046657337,
                -0.0010065386521059651
            ]
        },
        {
            "rotation": [
                [
                    0.48281238248663894,
                    0.8088957581004296,
                    0.3355291988274764
                ],
                [
                    0.35524462270216567,
                    0.16929339259317472,
                    -0.9193154662707596
                ],
                [
                    -0.8004332947590145,
                    0.5630518601368572,
                    -0.20561891310311572
                ]
            ],
            "translation": [
                -0.0006312525684654938,
                0.0123801583088394,
                0.001903500736778354
            ]
        },
        {
            "rotation": [
                [
                    -0.6130544773769513,
                    -0.6604605220539572,
                    0.43353903249369596
                ],
                [
                    0.7030080061268396,
                    -0.20566015731407652,
                    0.6807963071576832
                ],
                [
                    -0.36047739053876676,
                    0.7221466585011821,
                    0.5903898970402112
                ]
            ],
            "translation": [
                0.002063304986055005,
                0.012735467264599128,
                0.000751691501751977
            ]
        },
        {
            "rotation": [
                [
                    -0.14534548574476755,
                    -0.9709272578893945,
                    0.19019711917005505
                ],
                [
                    -0.14457428267104117,
                    0.21101763606078974,
                    0.9667314909032357
                ],
                [
                    -0.9787609333048451,
                    0.11301244950884286,
                    -0.1710415677714094
                ]
            ],
            "translation": [
                -0.001064338236503433,
                0.010560853460012351,
                -0.0013950976853740952
            ]
        }
    ],
    "rook": [
        {
            "rotation": [
                [
                    0.0,
                    0.0,
                    -0.0
                ],
                [
                    0.0,
                    -0.0,
                    -0.0
                ],
                [
                    -0.0,
                    0.0,
                    -0.0
                ]
            ],
            "translation": [
                0.0011409244561138418,
                0.0139,
                -3.721346810079871e-05
            ]
        },
        {
            "rotation": [
                [
                    0.0,
                    0.0,
                    0.0
                ],
                [
                    0.0,
                    0.0,
                    -0.0
                ],
                [
                    -0.0,
                    0.0,
                    -0.0
                ]
            ],
            "translation": [
                0.0007568147094518716,
                0.0139,
                0.0018120246299589216
            ]
        },
        {
            "rotation": [
                [
                    0.0,
                    0.0,
                    -0.0
                ],
                [
                    0.0,
                    -0.0,
                    -0.0
                ],
                [
                    -0.0,
                    0.0,
                    -0.0
                ]
            ],
            "translation": [
                -0.001161840860007942,
                0.0139,
                -0.0007066482576459404
            ]
        },
        {
            "rotation": [
                [
                    -0.9661340203192315,
                    -0.2168102142281631,
                    -0.0
                ],
                [
                    0.0,
                    0.0,
                    -1.1102229013656537e-07
                ],
                [
                    0.21997923582937942,
                    -0.9522158904170241,
                    -0.0
                ]
            ],
            "translation": [
                -0.0006186838391223776,
                0.0139,
                0.00017816153651271905
            ]
        },
        {
            "rotation": [
                [
                    -0.0,
                    0.0,
                    -0.0
                ],
                [
                    0.0,
                    0.0,
                    -0.0
                ],
                [
                    0.0,
                    -0.0,
                    -0.0
                ]
            ],
            "translation": [
                0.00019128368546045315,
                0.0139,
                0.0020797941561905365
            ]
        },
        {
            "rotation": [
                [
                    0.5435691809992584,
                    -0.8165148777506678,
                    -0.0
                ],
                [
                    -0.0,
                    0.0,
                    -1.1102229013656537e-07
                ],
                [
                    0.8284553265211071,
                    0.5357347694732123,
                    -0.0
                ]
            ],
            "translation": [
                0.0013271471998362553,
                0.0139,
                -0.0014981077002450577
            ]
        },
        {
            "rotation": [
                [
                    0.0,
                    0.0,
                    -0.0
                ],
                [
                    -0.0,
                    -0.0,
                    -0.0
                ],
                [
                    -0.0,
                    0.0,
                    0.0
                ]
            ],
            "translation": [
                -0.0008943102235217481,
                0.0139,
                -0.001056077828055078
            ]
        },
        {
            "rotation": [
                [
                    0.0,
                    0.0,
                    -0.0
                ],
                [
                    0.0,
                    -0.0,
                    -0.0
                ],
                [
                    -0.0,
                    0.0,
                    -0.0
                ]
            ],
            "translation": [
                0.0033428191389758425,
                0.0139,
                0.0017595683025707248
            ]
        }
    ],
    "knight": [
        {
            "rotation": [
                [
                    0.5698694450683855,
                    0.8188605589561421,
                    -0.0686745792769685
                ],
                [
                    -0.5843131701130403,
                    0.34503929517758575,
                    -0.7345243094547198
                ],
                [
                    -0.5777775807435759,
                    0.4587104394062061,
                    0.6750983361066406
                ]
            ],
            "translation": [
                0.0023294184770091307,
                0.014025559146482054,
                -0.0005370811943721817
            ]
        },
        {
            "rotation": [
                [
                    -0.7428094922500411,
                    -0.13996886443247916,
                    -0.6547081352858727
                ],
                [
                    0.6605091388467018,
                    -0.31295817043522567,
                    -0.6824843042648747
                ],
                [
                    -0.10936971117829807,
                    -0.9393965607334644,
                    0.32491900247734146
                ]
            ],
            "translation": [
                0.002471033900552088,
                0.016006164956195112,
                -0.0011877803559497105
            ]
        },
        {
            "rotation": [
                [
                    0.5117049084416079,
                    0.8580519969486113,
                    -0.043644642545077515
                ],
                [
                    -0.6712469195742531,
                    0.3675617475506964,
                    -0.6436815245521414
                ],
                [
                    -0.5362701349495811,
                    0.3586713396935251,
                    0.7640478856118116
                ]
            ],
            "translation": [
                0.0023034546166774018,
                0.013769411388471771,
                -0.00026483880772011783
            ]
        },
        {
            "rotation": [
                [
                    0.27501233939667036,
                    0.6964423934465026,
                    0.6628243861960388
                ],
                [
                    0.49307098445744163,
                    0.489678055478136,
                    -0.7190941252719844
                ],
                [
                    -0.8253782257036709,
                    0.5245792526080004,
                    -0.20872802049219266
                ]
            ],
            "translation": [
                -0.0005727911112421828,
                0.012660221322950504,
                -8.958420236392355e-05
            ]
        },
        {
            "rotation": [
                [
                    0.984633929214979,
                    -0.05336267189519677,
                    0.16627821829414807
                ],
                [
                    -0.1735913619321032,
                    -0.19533780453462507,
                    0.9652507884712733
                ],
                [
                    -0.0190279400153911,
                    -0.9792831888534727,
                    -0.20159951901408846
                ]
            ],
            "translation": [
                0.002659263149507157,
                0.015995927015175895,
                -0.002155431887601328
            ]
        },
        {
            "rotation": [
                [
                    0.01281085709588039,
                    0.4307095705627242,
                    -0.9023996220797549
                ],
                [
                    -0.9096634966382879,
                    -0.36967115078396234,
                    -0.18935563940018924
                ],
                [
                    -0.415148410600682,
                    0.8233058387293378,
                    0.38706495397781177
                ]
            ],
            "translation": [
                0.00027126973640149055,
                0.015558499250858789,
                -0.003502160579274471
            ]
        },
        {
            "rotation": [
                [
                    0.24759518110496725,
                    -0.9157438734292309,
                    0.31640128982386756
                ],
                [
                    0.5783903529241723,
                    0.4016978564516945,
                    0.7100023933759559
                ],
                [
                    -0.7772780866188432,
                    0.007210282743057244,
                    0.6291158569317851
                ]
            ],
            "translation": [
                -0.0020308540309420062,
                0.012489474045094207,
                -0.0016008252910242713
            ]
        },
        {
            "rotation": [
                [
                    0.9767325783506384,
                    0.13234078757758083,
                    0.16875835301280767
                ],
                [
                    -0.17284108840120996,
                    0.01991061602220257,
                    0.9847484120793454
                ],
                [
                    0.12696230365269445,
                    -0.9910042784964733,
                    0.04232127122904766
                ]
            ],
            "translation": [
                0.0026384061411716137,
                0.0158780202972693,
                -0.0006091736512864519
            ]
        }
    ],
    "bishop": [
        {
            "rotation": [
                [
                    -0.1237539783263615,
                    -0.9732124738188814,
                    -0.0
                ],
                [
                    -0.0,
                    0.0,
                    1.1102229013656537e-07
                ],
                [
                    -0.9831426831651922,
                    0.12250400420433155,
                    -0.0
                ]
            ],
            "translation": [
                9.910172516349559e-05,
                0.01195,
                -0.0030158992742060336
            ]
        },
        {
            "rotation": [
                [
                    -0.29725142682615496,
                    -0.9356953461760984,
                    -0.0
                ],
                [
                    -0.0,
                    0.0,
                    1.1102229013656537e-07
                ],
                [
                    -0.9452649094753006,
                    0.29424214729374326,
                    -0.0
                ]
            ],
            "translation": [
                -0.0009890665968018682,
                0.01195,
                -0.0027683446608721338
            ]
        },
        {
            "rotation": [
                [
                    0.0,
                    0.0,
                    -0.0
                ],
                [
                    0.0,
                    0.0,
                    -0.0
                ],
                [
                    0.0,
                    0.0,
                    -0.0
                ]
            ],
            "translation": [
                -0.0021963081239856183,
                0.01195,
                -0.002220134460436318
            ]
        },
        {
            "rotation": [
                [
                    -0.0,
                    -0.0,
                    0.0
                ],
                [
                    -0.0,
                    0.0,
                    -0.0
                ],
                [
                    0.0,
                    -0.0,
                    -0.0
                ]
            ],
            "translation": [
                -0.0004981988917330236,
                0.01195,
                0.0029019913133921152
            ]
        },
        {
            "rotation": [
                [
                    0.0,
                    0.0,
                    0.0
                ],
                [
                    0.0,
                    0.0,
                    -0.0
                ],
                [
                    -0.0,
                    0.0,
                    -0.0
                ]
            ],
            "translation": [
                -0.0002514429077341107,
                0.01195,
                0.00295891897884936
            ]
        },
        {
            "rotation": [
                [
                    0.0,
                    0.0,
                    0.0
                ],
                [
                    0.0,
                    0.0,
                    -0.0
                ],
                [
                    -0.0,
                    0.0,
                    -0.0
                ]
            ],
            "translation": [
                -0.0010405086661483976,
                0.01195,
                0.0026498183718019143
            ]
        },
        {
            "rotation": [
                [
                    0.0,
                    0.0,
                    -0.0
                ],
                [
                    0.0,
                    0.0,
                    -0.0
                ],
                [
                    0.0,
                    0.0,
                    -0.0
                ]
            ],
            "translation": [
                -0.0009537777060500386,
                0.01195,
                -0.0028743545595711593
            ]
        },
        {
            "rotation": [
                [
                    0.0,
                    0.0,
                    -0.0
                ],
                [
                    0.0,
                    0.0,
                    -0.0
                ],
                [
                    0.0,
                    0.0,
                    -0.0
                ]
            ],
            "translation": [
                0.00013439061591532505,
                0.01195,
                -0.003121909172905059
            ]
        }
    ],
    "queen": [
        {
            "rotation": [
                [
                    0.3877708006462528,
                    -0.8959206138526483,
                    -0.0
                ],
                [
                    0.0,
                    -0.0,
                    1.1102229013656537e-07
                ],
                [
                    -0.911802662112246,
                    -0.38101649423168293,
                    -0.0
                ]
            ],
            "translation": [
                -0.0014219100208920908,
                0.01415,
                0.00024793093406385615
            ]
        },
        {
            "rotation": [
                [
                    0.0,
                    0.0,
                    -0.0
                ],
                [
                    0.0,
                    -0.0,
                    -0.0
                ],
                [
                    -0.0,
                    0.0,
                    -0.0
                ]
            ],
            "translation": [
                -0.003772447764870121,
                0.01415,
                -0.0035031055751661745
            ]
        },
        {
            "rotation": [
                [
                    0.0,
                    -0.0,
                    -0.0
                ],
                [
                    -0.0,
                    0.0,
                    -0.0
                ],
                [
                    0.0,
                    0.0,
                    -0.0
                ]
            ],
            "translation": [
                -0.0019742293489604327,
                0.0134,
                -0.000244236747046113
            ]
        },
        {
            "rotation": [
                [
                    -0.7179061015416994,
                    0.671007817945935,
                    -0.0
                ],
                [
                    0.0,
                    0.0,
                    -1.1102229013656537e-07
                ],
                [
                    -0.6829063076972834,
                    -0.7053977994578785,
                    -0.0
                ]
            ],
            "translation": [
                -2.3235340802948068e-05,
                0.01415,
                -5.464317026340781e-05
            ]
        },
        {
            "rotation": [
                [
                    -0.0,
                    0.0,
                    0.0
                ],
                [
                    0.0,
                    0.0,
                    -0.0
                ],
                [
                    -0.0,
                    -0.0,
                    -0.0
                ]
            ],
            "translation": [
                -0.003391627531819867,
                0.01415,
                0.0030898109824451093
            ]
        },
        {
            "rotation": [
                [
                    0.0,
                    -0.0,
                    -0.0
                ],
                [
                    -0.0,
                    0.0,
                    -0.0
                ],
                [
                    0.0,
                    0.0,
                    -0.0
                ]
            ],
            "translation": [
                -0.0008793856722280223,
                0.01415,
                0.003424166575857295
            ]
        },
        {
            "rotation": [
                [
                    0.8960718887702482,
                    0.41548301555301675,
                    -0.0
                ],
                [
                    0.0,
                    0.0,
                    1.1102229013656537e-07
                ],
                [
                    0.42285367250895517,
                    -0.8804526830511694,
                    -0.0
                ]
            ],
            "translation": [
                -0.003165245192394742,
                0.01415,
                0.0020736314455735197
            ]
        },
        {
            "rotation": [
                [
                    -0.8755200872143667,
                    -0.45910514336271524,
                    -0.0
                ],
                [
                    -0.0,
                    0.0,
                    1.1102229013656537e-07
                ],
                [
                    -0.46404651898824884,
                    0.8661971563408443,
                    -0.0
                ]
            ],
            "translation": [
                -0.0028257098052376474,
                0.0134,
                0.0017059820033976203
            ]
        }
    ],
    "king": [
        {
            "rotation": [
                [
                    0.0,
                    -0.0,
                    -0.0
                ],
                [
                    -0.0,
                    0.0,
                    -0.0
                ],
                [
                    0.0,
                    0.0,
                    -0.0
                ]
            ],
            "translation": [
                -0.002793715997664597,
                0.01415,
                0.004271505824906654
            ]
        },
        {
            "rotation": [
                [
                    0.0,
                    -0.0,
                    -0.0
                ],
                [
                    -0.0,
                    0.0,
                    -0.0
                ],
                [
                    0.0,
                    0.0,
                    -0.0
                ]
            ],
            "translation": [
                -0.0035550525362186836,
                0.01415,
                0.000952065937217892
            ]
        },
        {
            "rotation": [
                [
                    -0.18172404803271708,
                    -0.9570555952369849,
                    -0.0
                ],
                [
                    0.0,
                    0.0,
                    -1.1102229013656537e-07
                ],
                [
                    0.9740259614268902,
                    -0.17855788638738537,
                    -0.0
                ]
            ],
            "translation": [
                -0.0042954688371173045,
                0.01415,
                0.002003508714767605
            ]
        },
        {
            "rotation": [
                [
                    0.0,
                    0.0,
                    -0.0
                ],
                [
                    0.0,
                    0.0,
                    -0.0
                ],
                [
                    0.0,
                    0.0,
                    -0.0
                ]
            ],
            "translation": [
                0.000778397808426244,
                0.0134,
                -0.0033595990249083215
            ]
        },
        {
            "rotation": [
                [
                    -0.852931636073759,
                    -0.49545260099344496,
                    0.0
                ],
                [
                    -0.0,
                    0.0,
                    -1.1102229013656537e-07
                ],
                [
                    0.50423978345185,
                    -0.8380679419411403,
                    -0.0
                ]
            ],
            "translation": [
                0.0007303133443682,
                0.01415,
                0.0022252444979986505
            ]
        },
        {
            "rotation": [
                [
                    0.0,
                    -0.0,
                    -0.0
                ],
                [
                    -0.0,
                    0.0,
                    -0.0
                ],
                [
                    0.0,
                    0.0,
                    -0.0
                ]
            ],
            "translation": [
                -0.0011020870268911354,
                0.0134,
                -7.493717429164293e-05
            ]
        },
        {
            "rotation": [
                [
                    0.0,
                    -0.0,
                    -0.0
                ],
                [
                    -0.0,
                    0.0,
                    -0.0
                ],
                [
                    0.0,
                    0.0,
                    -0.0
                ]
            ],
            "translation": [
                -0.0020585776851470977,
                0.01415,
                0.002843664361666695
            ]
        },
        {
            "rotation": [
                [
                    0.0,
                    0.0,
                    -0.0
                ],
                [
                    0.0,
                    -0.0,
                    -0.0
                ],
                [
                    -0.0,
                    0.0,
                    -0.0
                ]
            ],
            "translation": [
                0.0003168922618546591,
                0.01415,
                -0.0013710251257966913
            ]
        }
    ]
}